30 30 30
0 0 0
6 6 6
0 0 0
46 46 46
0 0 0
24 24 24
0 0 0
10 10 10
46 0 0
31 31 31
6 0 0
0 40 40
0 0 0
2 2 2
31 0 0
1 1 1
24 0 0
9 9 9
10 0 0
14 14 14
30 0 0
0 15 15
0 0 0
0 34 34
0 0 0
0 3 3
0 0 0
0 20 20
0 0 0
0 42 42
0 0 0
0 5 5
0 0 0
0 36 36
0 0 0
0 49 49
0 0 0
0 44 44
0 0 0
0 38 38
0 30 0
0 13 13
0 6 0
0 4 4
0 15 0
0 45 45
0 1 0
0 32 32
0 49 0
0 0 39
0 0 0
0 0 16
0 0 0
0 8 8
0 31 0
0 19 19
0 4 0
0 12 12
0 13 0
0 18 18
0 2 39
0 41 41
0 40 40
0 0 21
0 0 0
0 33 33
0 10 0
0 0 0
0 0 0
0 29 29
0 33 0
0 25 25
0 41 0
0 47 47
0 8 0
0 0 7
0 0 0
0 0 26
0 0 0
0 43 43
0 18 36
0 0 17
0 0 0
0 48 48
0 25 30
0 0 50
0 0 0
0 35 35
0 9 0
0 0 0
0 0 0
0 22 22
0 24 0
0 0 37
0 0 0
0 0 28
0 0 26
0 0 0
0 0 0
